robot_initial_pose:
  x: 5.544445
  y: 5.544445
  z: 0.1
  